[Eagle]
Version="09 02 02"
Platform="Windows"
Globals="Globals"
Desktop="Desktop"

[Globals]
AutoSaveProject=1
UsedLibraryUrn="urn:adsk.eagle:library:217"
UsedLibraryUrn="urn:adsk.eagle:library:325"
UsedLibraryUrn="urn:adsk.eagle:library:371"
UsedLibrary="D:/dropbox/CBA/doc/libraries/eagle/connector.lbr"
UsedLibrary="D:/dropbox/CBA/doc/libraries/eagle/power.lbr"
UsedLibrary="D:/dropbox/CBA/doc/libraries/eagle/passives.lbr"
UsedLibrary="D:/dropbox/CBA/doc/libraries/eagle/sensor.lbr"
UsedLibrary="D:/dropbox/CBA/doc/libraries_jake/eagle/marekr/borkedlabs-passives.lbr"

[Win_1]
Type="Schematic Editor"
Number=3
File="atkbldcdriver.sch"
View="-183.922 -167.332 861.589 307.209"
WireWidths=" 0.0762 0.1016 0.127 0.15 0.2 0.2032 0.254 0.3048 0.4064 0.508 0.6096 0.8128 1.016 1.27 2.54 0.1524"
PadDiameters=" 0.254 0.3048 0.4064 0.6096 0.8128 1.016 1.27 1.4224 1.6764 1.778 1.9304 2.1844 2.54 3.81 6.4516 0"
PadDrills=" 0.2 0.25 0.3 0.35 0.4 0.45 0.5 0.55 0.65 0.7 0.75 0.8 0.85 0.9 1 0.6"
ViaDiameters=" 0.55 0.6 0.65 0.7 0.75 0.8 0.85 0.9 0.95 1 1.05 1.1 1.15 1.2 1.3 0"
ViaDrills=" 0.2 0.25 0.3 0.4 0.45 0.5 0.55 0.6 0.65 0.7 0.75 0.8 0.85 0.9 1 0.35"
HoleDrills=" 0.2 0.25 0.3 0.4 0.45 0.5 0.55 0.6 0.65 0.7 0.75 0.8 0.85 0.9 1 0.35"
TextSizes=" 0.254 0.3048 0.4064 0.6096 0.8128 1.016 1.27 1.4224 1.6764 1.9304 2.1844 2.54 3.81 5.08 6.4516 1.778"
PolygonSpacings=" 0.254 0.3048 0.4064 0.6096 0.8128 1.016 1.4224 1.6764 1.778 1.9304 2.1844 2.54 3.81 5.08 6.4516 1.27"
PolygonIsolates=" 0.254 0.3048 0.4064 0.6096 0.8128 1.016 1.27 1.4224 1.6764 1.778 1.9304 2.1844 2.54 3.81 6.4516 0"
MiterRadiuss=" 0.254 0.3175 0.635 1.27 2.54 1 2 2.5 5 7.5 10 0"
DimensionWidths=" 0 0.127 0.254 0.1 0.26 0.13"
DimensionExtWidths=" 0.127 0.254 0.1 0.13 0.26 0"
DimensionExtLengths=" 1.27 2.54 1 2 3 0"
DimensionExtOffsets=" 1.27 2.54 1 2 3 0"
SmdSizes=" 0.3048 0.1524 0.4064 0.2032 0.6096 0.3048 0.8128 0.4064 1.016 0.508 1.27 0.6604 1.4224 0.7112 1.6764 0.8128 1.778 0.9144 1.9304 0.9652 2.1844 1.0668 2.54 1.27 3.81 1.9304 5.08 2.54 6.4516 3.2512 1.27 0.635"
WireBend=4
WireBendSet=31
WireCap=1
MiterStyle=0
PadShape=0
ViaShape=1
PolygonPour=0
PolygonRank=0
PolygonThermals=1
PolygonOrphans=0
TextRatio=8
DimensionUnit=1
DimensionPrecision=2
DimensionShowUnit=0
PinDirection=3
PinFunction=0
PinLength=2
PinVisible=3
SwapLevel=0
ArcDirection=0
AddLevel=2
PadsSameType=0
Layer=97
Views=" 1: -183.922 -167.332 861.589 307.209"
Sheet="1"

[Win_2]
Type="Board Editor"
Number=1
File="atkbldcdriver.brd"
View="-5.19862 -16.4186 132.792 90.3721"
WireWidths=" 0.1016 0.127 0.15 0.4064 0.508 0.6096 0.8128 1.016 2.54 0.2 0.0762 0.254 0.3048 1.27 0.2032 0.1524"
PadDiameters=" 0.254 0.3048 0.4064 0.6096 0.8128 1.016 1.27 1.4224 1.6764 1.778 1.9304 2.1844 2.54 3.81 6.4516 0"
PadDrills=" 0.2 0.25 0.3 0.35 0.4 0.45 0.5 0.55 0.65 0.7 0.75 0.8 0.85 0.9 1 0.6"
ViaDiameters=" 0.55 0.6 0.65 0.7 0.75 0.8 0.85 0.9 0.95 1 1.05 1.1 1.15 1.2 1.3 0"
ViaDrills=" 0.2 0.25 0.4 0.45 0.5 0.55 0.6 0.65 0.7 0.75 0.8 0.85 0.9 1 0.35 0.3"
HoleDrills=" 0.2 0.25 0.3 0.4 0.45 0.5 0.55 0.6 0.65 0.7 0.75 0.8 0.85 0.9 1 0.35"
TextSizes=" 0.254 0.3048 0.4064 0.6096 0.8128 1.016 1.27 1.4224 1.6764 1.9304 2.1844 2.54 3.81 5.08 6.4516 1.778"
PolygonSpacings=" 0.254 0.3048 0.4064 0.6096 0.8128 1.016 1.4224 1.6764 1.778 1.9304 2.1844 2.54 3.81 5.08 6.4516 1.27"
PolygonIsolates=" 0.254 0.3048 0.4064 0.6096 0.8128 1.016 1.27 1.4224 1.6764 1.778 1.9304 2.1844 2.54 3.81 6.4516 0"
MiterRadiuss=" 0.254 0.3175 0.635 1.27 2.54 1 2 2.5 5 7.5 10 0"
DimensionWidths=" 0 0.127 0.254 0.1 0.26 0.13"
DimensionExtWidths=" 0.127 0.254 0.1 0.13 0.26 0"
DimensionExtLengths=" 1.27 2.54 1 2 3 0"
DimensionExtOffsets=" 1.27 2.54 1 2 3 0"
SmdSizes=" 0.3048 0.1524 0.4064 0.2032 0.6096 0.3048 0.8128 0.4064 1.016 0.508 1.27 0.6604 1.4224 0.7112 1.6764 0.8128 1.778 0.9144 1.9304 0.9652 2.1844 1.0668 2.54 1.27 3.81 1.9304 5.08 2.54 6.4516 3.2512 1.27 0.635"
WireBend=1
WireBendSet=0
WireCap=1
MiterStyle=1
PadShape=0
ViaShape=1
PolygonPour=0
PolygonRank=6
PolygonThermals=1
PolygonOrphans=0
TextRatio=8
DimensionUnit=1
DimensionPrecision=2
DimensionShowUnit=0
PinDirection=3
PinFunction=0
PinLength=2
PinVisible=3
SwapLevel=0
ArcDirection=0
AddLevel=2
PadsSameType=0
Layer=47

[Win_3]
Type="Control Panel"
Number=0

[Desktop]
Screen="1920 1080"
Window="Win_1"
Window="Win_2"
Window="Win_3"
